epoch=0, loss=0.6933466106881876
epoch=10, loss=0.23799308061675953
epoch=20, loss=0.06223422192792465
